 8.882232847838182 7.015307043211094 7.161043779479885 9.309207048261769 4.647368272530329 2.7904863637096655 2.935239691968652 5.080088254870745 2.4247940713329554 0.5672823295559383 0.7078002892277275 2.847494531908836 2.191458114130427 0.3298934355042819 0.4683287568781368 2.6067640782519916 3.9284716235379205 2.0824644287239114 2.1478669483651838 4.232530811985273 7.6153037348140735 5.701967849326163 5.785259776852078 7.875170964708086 
 7.608256283620271 5.558649435290162 5.641654699566095 7.771657047295295 3.8858732039144774 1.9589771307197674 2.049237148162543 4.149905512967409 2.2711828028485015 0.361876686460325 0.4426198346941016 2.5190649184970155 2.4918266610289503 0.5614549079058753 0.6310831547828002 2.700711401659725 3.8227493708652505 2.728158996846879 1.64950121898115 3.4414369558570317 6.592808605163798 4.364695692057444 4.187934778777974 6.085324895810382 
 3.125538509925289 0.7494141538576695 1.0386093573251418 3.4410408575248184 1.7386846702251852 0.112690936520893 0.5061726352360467 2.895557885385445 1.9239802057709317 0.1360892545771195 0.40354673305096783 2.668921886095059 2.14272399371115 0.35111366230322183 0.5595033308952937 2.7678929994873656 2.256687820526712 0.616926411774488 0.28166428388874803 2.2552163968959618 2.851113368533329 0.8103773019190652 0.778025701224796 2.7536116736798717 
 2.497868617341487 0.3105718591991678 0.7797426983966564 3.3246611173538185 1.6272282279060817 0.22737677386201882 0.8105516350488782 3.363861589627525 1.7069139736416743 0.1201268649519725 0.6386402896472071 3.133699066708203 1.7851991563059253 0.1160383006583269 0.4468774450107299 2.7777165893631315 1.9203732571332675 0.15149921203664896 0.5466084926779622 2.6396518442888706 2.3560297156952745 0.4302734369793162 0.509472266387998 2.5953824211401932 
 2.8528263948211388 0.4160281586397002 0.4523047606749552 2.548699551644901 2.2648064303611846 0.4335374093295803 0.5642019190988146 2.661163548465117 2.339742595438275 0.2241196135270301 0.3190267533788729 2.444250752672487 2.207123000746611 0.23945680959465346 0.27179061844269575 2.3041244272907364 2.2886884177914624 0.2620416265138708 0.5069174664805918 2.3822362855494865 2.640666783849806 0.4869806978312682 0.3358459248591812 2.1904093156229045 
 2.551406680998344 0.35071868149329266 0.5913850221696593 2.894507545650021 1.9558478073041285 0.3307013792596617 0.6626306896822043 2.961229563605258 2.0104160003741027 0.12054349191145271 0.4645193363176241 2.8531945647547055 1.8046972083485013 0.12489587038909573 0.44509453242968994 2.7652931944702845 1.8222469561959376 0.11899621848436132 0.7246159690784626 2.9646975937521334 2.081466147777856 0.29067544219876035 0.5025776081876769 2.7195550311713026 
 2.1367644109483765 0.2543265249749799 0.8260873896399988 3.459239128859955 1.5479517794959208 0.24702556243806123 0.9068659637674588 3.5335781891082996 1.6272608861511237 0.04107691224034562 0.6756664587289235 3.3472212103761327 1.4623266832314148 0.04934401865830253 0.63636135408519 3.2233786895120775 1.5341448301333547 0.0551000108911207 0.8468945294497493 3.272576596632759 1.8362126056251327 0.22426922391606469 0.614845446249096 3.0109827797385216 
 3.606129169923793 0.7176875041431289 0.28745337958173833 1.9240527699276413 2.9561301330107996 0.6622133717771913 0.32367528456483774 1.951870990735699 2.9611871722500442 0.45244801322018396 0.17355265358203548 1.9300457395353998 2.7871010488877093 0.44823083970008043 0.10936063051245144 1.7704904213248225 2.8457607301140664 0.4703473185306801 0.40779991347178296 1.8799773917794134 3.335144160088843 0.7496139885575608 0.16450503372143588 1.5857973990828984 
 2.361519112511691 0.26933329705561965 0.6374335719763531 3.0652817860299404 1.8145440922553673 0.3281690342412988 0.7915460175353224 3.2161570248503564 1.805012137367439 0.08435249519739897 0.5939185293804168 3.1295780099399977 1.673850724593976 0.08777575583971615 0.5017007870854563 2.9156258183311965 1.764686715575892 0.10557649778484597 0.6807689149769811 2.849027133676806 2.2015758592709394 0.3204143409310405 0.44008843024904076 2.565740864746047 
 3.2931997546739527 0.6116957990616152 0.4420134522647563 2.353221553367119 2.466534529006204 0.43883576139453107 0.3689678459335232 2.266660943319761 2.4519072599091545 0.2824221671623385 0.30518824990036447 2.3502135883989825 2.336827180779866 0.2800988478122743 0.22337051484468248 2.1666421818770907 2.5465156268774494 0.32967446825917507 0.42026803040297445 1.9783735428301514 3.2058783756038625 0.6919919718795408 0.175467104731873 1.6644406199115045 
 2.8591823343743465 0.4461453472486311 0.32153728334550374 2.247632670539492 2.550738754382858 0.581130495153276 0.5420987484047608 2.46156788071082 2.591193564923042 0.2794440009841212 0.2817038468657131 2.373302574957494 2.185906939899588 0.2848256018506587 0.38374426380172866 2.482662925752799 2.114224722769572 0.2259646051131346 0.501702047110175 2.3861929060565044 2.6641529305952325 0.48376803015423864 0.3002694045617962 2.1209866553963215 
 2.6029853048310625 0.38168450609787385 0.6539122002078879 3.008185700190999 1.828572182770482 0.2622613818331734 0.6402528720655885 2.981599131101464 1.739335830167052 0.08789655793741206 0.6566965826856422 3.2515562713310135 1.5847918103583787 0.07011792582437952 0.5554440412903805 3.0407701567563814 1.61885680195182 0.06976957642093118 0.7565478424991126 3.0005761509163746 2.073698822976427 0.2705248595254823 0.4639701647843192 2.6608445442298607 
 2.6921279510535516 0.35905933150430724 0.35913469009620314 2.4070903760590765 2.329803733186214 0.528715182120165 0.6388660441007061 2.6940447272490915 2.197868675922954 0.1581068862005564 0.4077259161051726 2.7129363457593185 1.9210645533869097 0.1545648058880263 0.3880650583891424 2.621565310890259 2.068183537798515 0.19568685929881738 0.45463653648930424 2.2407269645945544 2.8216111256862098 0.5473249511666142 0.2625830966064059 1.9784181067327957 
 3.3447734581208146 0.6074422232665952 0.13174923079802975 1.6881453720252009 3.1533384644235216 0.8938000929034382 0.5257357195977859 2.093992845702948 2.9280509322542376 0.3933373104456927 0.18030707746214744 2.03109825665727 2.580722237559909 0.37350470154521315 0.1662871655305174 1.9590696295158216 2.5266032877155995 0.3691566986709274 0.3472639991078124 1.813315626333614 3.375293119324487 0.7858520530018753 0.17618959011856897 1.5605442942872738 
 3.107711714581398 0.5186855408849468 0.2900676922409594 2.09547819806223 2.533956696598927 0.561316289042729 0.46727454726771744 2.2937526136096142 2.3093612625886157 0.22576043822227282 0.35825964773421615 2.5203312701978215 2.1219275144396104 0.2210043476629001 0.32008118088618975 2.4191580141094793 1.9847489048889397 0.18056123828104412 0.48607418228639654 2.323070188944054 2.694369917014256 0.5056674980234962 0.28555512489412616 2.0533276810254564 
 3.069051437016535 0.5620596662231356 0.3266767329009118 2.0606815091351907 2.3347341598399627 0.4612521988753035 0.4085019785779585 2.2105808018789994 2.140448629125984 0.2046184488538557 0.42332527180353285 2.6374991605474043 2.132953794431478 0.21313440601143516 0.29331501759139195 2.3734956291713485 2.390760345821277 0.2510762324781525 0.3616834026641951 1.7928788120486097 3.3726663303991335 0.7892210006761352 0.14686716419853452 1.4746989237123032 
 2.507635609592036 0.4147298229266131 0.2594600644164999 1.947015822253841 1.9575714383495602 0.4466677458810629 0.5427989512349862 2.348025610382629 1.541385586690996 0.10097632906915104 0.7923610656511075 3.4530386969245748 1.572929926985987 0.0665450828085678 0.5601602386311485 3.0537753944537296 1.7070275040223888 0.08718287823197343 0.4975835185120423 2.3175522140481957 2.543813037816954 0.49229944715883045 0.3445428674097676 2.150366464898298 
 2.106970073398256 0.32387566381548716 0.256939099752683 1.732684058744495 1.4116938470242353 0.27721705707477773 0.6166925765959019 2.3565935142259384 1.4136859254888787 0.13396575098486824 0.7841387653971277 3.3301692728619354 1.7867154221200559 0.11337210061882574 0.44002877911759564 2.7666854576163655 2.177563658467432 0.15907219140647982 0.3487640555647572 1.6099565700047767 3.221403131897001 0.803411085841945 0.142957898412386 1.3400001474220455 
 1.8779764933387455 0.3623412094553778 0.06405387163702841 0.9350783352750183 1.307310154794421 0.3618714759322762 0.4860078245944627 1.6092253389088587 1.4700119789890813 0.22813396217882517 0.7239392884719233 3.0628036737537743 2.08292006803846 0.19821136409990875 0.3135026601613579 2.4287939562228074 2.0327300513157285 0.230578713552834 0.24756315669887674 1.3538482437482382 2.956740214549662 0.8236807612680062 0.2487226301327725 1.3816676306741043 
 0.9097826172926284 0.2471542066911544 0.08917188565194277 0.7976063431432757 0.7843164192307348 0.31984810587284807 0.45017043282797575 1.2824732521381264 0.9736525488981855 0.01547623266820451 0.8862706542515071 3.575361126422743 1.7023408697237548 0.10380388110333333 0.5052668924829129 2.906729903862491 1.3783362798961443 0.08849782529228839 0.42451036112819085 1.2373319254155963 1.9274830740995623 0.5082038031159173 0.17331671335627466 1.1338726277913849 
 0.657808101753912 0.2882584215614945 0.19705874951495772 0.8179608716578928 0.3373484013467457 0.18065798051775164 0.29606850294761844 0.9745176706769578 0.7736646789905697 0.18211177817140028 0.9031868616011567 3.2725654605604015 2.263145567857896 0.25642066905634625 0.24969577025479647 2.2429708714532466 0.7093397016972127 0.07707042073892242 0.4905753095950322 0.9894403956229485 1.246660367575449 0.3377103815870485 0.062450270018282024 0.5375675591372883 
 0.5262475724816438 0.23804325575093524 0.2531985745286918 0.5482985941690532 0.3519918514113574 0.23214025721265164 0.3050634253639937 0.7018707544368057 1.209279999210187 0.4103975132286539 0.5992991341966176 2.441948689735337 2.9300546650729067 0.5097717116598299 0.08948875824675319 1.6692058048336766 0.2580624081253776 0.01043037766930459 0.5480792892760776 0.9274236644821217 0.7723123693191172 0.21970477478020697 0.05941873179959799 0.3597929372005541 
 0.3212132771482478 0.23573672732334713 0.2920012117224323 0.5206056850908515 0.21321751933657043 0.27122402617829866 0.30377530440404704 0.6248684317005865 0.6758021011768162 0.0011469628581827068 0.6935503314674301 3.008093273391321 2.3901558033806287 0.34521276031632464 0.30026971725201823 2.2553266741877143 0.11808136050812604 0.028282108406414236 0.5624381984776432 0.8907029325907468 0.6130009739141531 0.2306781743105625 0.05742476132618436 0.24905669928552765 
 0.47043776363658363 0.3915039218070922 0.44250683862113405 0.5642016803829324 0.11742520224376596 0.17035730119056167 0.18558252531731234 0.4487100069934271 0.812511162012254 0.345838700702897 0.5173377040512156 2.191889559745903 3.40301038220372 0.7155586309525841 0.028106879701449698 1.340655128450314 0.06880556196220003 0.009692662594051245 0.5620678703668875 0.8685016641999278 0.47280364442753486 0.156185440469266 0.05733320524195003 0.1996655562813816 
 0.4294665620649812 0.2935033515899222 0.3352454134452615 0.5362566770228676 0.1466912735808082 0.24848768341205169 0.2576001621949943 0.5612802365483649 0.6004869341230514 0.002194696464207117 0.6365935688845863 2.7934570985134997 2.6726620561169585 0.42346534680993275 0.17426863750290678 1.9250719281958808 0.02100542046854479 0.04583775627458129 0.5959564033389106 0.8627799697073093 0.38842166337706546 0.1584666915643758 0.046279758486719655 0.2015525822678886 
 0.5201071952484045 0.4416740985385557 0.5123663390777649 0.40957852829413594 0.10456857092086154 0.0914766286884955 0.2177991687546991 0.38538643548756507 1.1178355851390307 0.6366087902222548 0.4398650457225463 1.7748190098232968 3.866373611091706 0.9383717284075845 0.010369845723463098 1.0823679630393417 0.07192638303610425 0.025821105994483402 0.613879539744004 0.8436116226311204 0.35659060191556213 0.13208578311471889 0.11726283532686244 0.10919387786478205 
 0.37793014464738905 0.27275351268271547 0.29979995261010045 0.24423823987097304 0.18977733844837844 0.1950294259000148 0.29504505669353337 0.613248939786445 1.0238547539209037 0.35377058051394883 0.29847086802748024 1.9214162507861083 3.215041209460959 0.6903537419825632 0.1656662745041675 1.6409788070257718 0.012020526828498385 0.026930875220071662 0.5286640485361597 0.808565646449544 0.3676042712957951 0.14010959294620512 0.08639149982414915 0.134820473286541 
 0.5150892232075972 0.4758965901552809 0.4756359894870321 0.31042460573285435 0.09197526175115178 0.07957698251211677 0.1489662485214103 0.40653323913755746 0.7872391381036784 0.18468367991113124 0.2975519637105112 1.692007243581941 4.255873513534802 1.1299349850160298 0.0039964564972582795 0.8780579279784876 0.056711521739767345 0.008618827859920403 0.5587307514932348 0.8182851798137567 0.3059683464819216 0.1163820305864396 0.09465171333872359 0.0954655091563725 
 0.4588319626424833 0.3492549469492625 0.3227761520088655 0.18665535718534565 0.13578265748579732 0.13638639941618427 0.2267204712170078 0.5689033267161021 1.0047423000303244 0.60191340645357 0.35720301915646413 1.6421102802874725 3.913507240696616 0.9614639117696603 0.009420582842704804 1.057377253915749 0.038032090426607 0.1002928637760719 0.5903264317528478 0.793749573725549 0.3350728747735546 0.1559236861131113 0.13636601607076582 0.0840430822194666 
 0.4956034792866014 0.3837817404646827 0.40801142830347215 0.18531433591570784 0.1037074086427272 0.12140612886050355 0.19692683601560795 0.485969660499213 0.6156103786142807 0.0014940590017052326 0.5653978915724727 2.6177241024787534 2.689500853700493 0.41524999902218124 0.14099914434386784 1.8667482896655545 0.01699108082405292 0.00378304004054813 0.5486194064172841 0.7879269321198895 0.2668151625929475 0.12218776000445582 0.0524255680947489 0.13413680238309195

