10.0 9.0 10.0 13.0 5.0 4.0 5.0 8.0 2.0 1.0 2.0 5.0 1.0 0.0 1.0 4.0 2.0 1.0 2.0 5.0 5.0 4.0 5.0 8.0 
 5.0 4.0 5.0 8.0 2.0 1.0 2.0 5.0 1.0 0.0 1.0 4.0 2.0 1.0 2.0 5.0 5.0 4.0 1.0 2.0 8.0 5.0 4.0 5.0 
 2.0 1.0 2.0 5.0 1.0 0.0 1.0 4.0 1.0 0.0 1.0 4.0 1.0 0.0 1.0 4.0 1.0 1.0 0.0 1.0 5.0 2.0 1.0 2.0 
 2.0 1.0 1.0 4.0 1.0 0.0 1.0 4.0 1.0 0.0 1.0 5.0 1.0 0.0 1.0 4.0 1.0 0.0 1.0 5.0 1.0 0.0 1.0 4.0 
 2.0 0.0 1.0 4.0 1.0 0.0 2.0 5.0 1.0 0.0 1.0 4.0 1.0 0.0 1.0 4.0 4.0 1.0 1.0 2.0 4.0 1.0 0.0 1.0 
 2.0 0.0 1.0 4.0 1.0 0.0 1.0 5.0 1.0 0.0 1.0 4.0 1.0 0.0 1.0 4.0 1.0 0.0 2.0 5.0 1.0 0.0 1.0 4.0 
 2.0 0.0 1.0 4.0 1.0 0.0 2.0 5.0 1.0 0.0 1.0 4.0 1.0 0.0 1.0 4.0 1.0 0.0 2.0 5.0 1.0 0.0 1.0 4.0 
 5.0 1.0 0.0 1.0 4.0 1.0 0.0 1.0 4.0 1.0 0.0 1.0 4.0 1.0 0.0 1.0 4.0 1.0 1.0 2.0 4.0 1.0 0.0 1.0 
 2.0 0.0 1.0 4.0 1.0 0.0 2.0 5.0 1.0 0.0 1.0 4.0 1.0 0.0 1.0 4.0 1.0 0.0 2.0 5.0 1.0 0.0 1.0 4.0 
 5.0 2.0 0.0 2.0 4.0 1.0 0.0 1.0 4.0 1.0 0.0 1.0 4.0 1.0 0.0 1.0 4.0 1.0 1.0 2.0 4.0 1.0 0.0 1.0 
 5.0 1.0 0.0 1.0 4.0 2.0 1.0 2.0 2.0 0.0 1.0 4.0 1.0 0.0 1.0 4.0 1.0 0.0 1.0 2.0 4.0 1.0 0.0 1.0 
 2.0 1.0 1.0 4.0 1.0 0.0 1.0 4.0 1.0 0.0 1.0 4.0 1.0 0.0 1.0 4.0 1.0 0.0 2.0 5.0 1.0 0.0 1.0 4.0 
 2.0 0.0 1.0 4.0 1.0 1.0 2.0 5.0 1.0 0.0 1.0 4.0 1.0 0.0 1.0 4.0 1.0 0.0 1.0 2.0 4.0 1.0 0.0 1.0 
 5.0 1.0 0.0 1.0 5.0 2.0 1.0 2.0 4.0 1.0 0.0 1.0 4.0 1.0 0.0 1.0 4.0 1.0 1.0 2.0 4.0 1.0 0.0 1.0 
 5.0 1.0 0.0 1.0 4.0 1.0 1.0 2.0 1.0 0.0 1.0 4.0 1.0 0.0 1.0 4.0 1.0 0.0 1.0 2.0 4.0 1.0 0.0 1.0 
 2.0 2.0 0.0 1.0 4.0 1.0 0.0 2.0 1.0 0.0 1.0 4.0 1.0 0.0 1.0 4.0 4.0 0.0 1.0 2.0 4.0 1.0 0.0 1.0 
 2.0 0.0 0.0 1.0 1.0 0.0 1.0 2.0 1.0 0.0 1.0 5.0 1.0 0.0 1.0 4.0 1.0 0.0 1.0 2.0 4.0 1.0 0.0 1.0 
 2.0 0.0 0.0 1.0 1.0 0.0 2.0 2.0 1.0 0.0 1.0 5.0 1.0 0.0 1.0 4.0 1.0 0.0 1.0 2.0 4.0 1.0 0.0 1.0 
 2.0 0.0 0.0 1.0 1.0 0.0 1.0 2.0 1.0 0.0 2.0 5.0 1.0 0.0 1.0 4.0 1.0 0.0 0.0 2.0 5.0 2.0 0.0 1.0 
 2.0 0.0 0.0 1.0 1.0 1.0 1.0 2.0 1.0 0.0 1.0 5.0 1.0 0.0 1.0 4.0 1.0 0.0 1.0 2.0 2.0 1.0 0.0 1.0 
 1.0 1.0 0.0 2.0 0.0 0.0 1.0 1.0 1.0 0.0 2.0 5.0 4.0 1.0 0.0 1.0 1.0 0.0 1.0 1.0 2.0 1.0 0.0 1.0 
 1.0 0.0 0.0 1.0 0.0 0.0 1.0 2.0 1.0 0.0 1.0 2.0 4.0 1.0 0.0 1.0 1.0 0.0 1.0 1.0 1.0 0.0 0.0 1.0 
 1.0 0.0 0.0 1.0 0.0 0.0 1.0 2.0 2.0 0.0 1.0 4.0 4.0 1.0 0.0 1.0 0.0 0.0 1.0 1.0 1.0 0.0 0.0 0.0 
 1.0 1.0 1.0 1.0 0.0 0.0 0.0 1.0 1.0 0.0 1.0 2.0 4.0 1.0 0.0 1.0 0.0 0.0 1.0 1.0 1.0 0.0 0.0 0.0 
 1.0 1.0 0.0 1.0 0.0 0.0 1.0 1.0 1.0 0.0 1.0 4.0 4.0 1.0 0.0 1.0 0.0 0.0 1.0 1.0 1.0 0.0 0.0 0.0 
 1.0 1.0 1.0 1.0 0.0 0.0 0.0 0.0 1.0 1.0 1.0 2.0 4.0 1.0 0.0 1.0 0.0 0.0 1.0 1.0 1.0 0.0 0.0 0.0 
 1.0 1.0 0.0 0.0 0.0 0.0 1.0 1.0 1.0 1.0 0.0 1.0 4.0 1.0 0.0 1.0 0.0 0.0 1.0 1.0 1.0 0.0 0.0 0.0 
 1.0 1.0 0.0 0.0 0.0 0.0 0.0 0.0 2.0 0.0 0.0 2.0 4.0 1.0 0.0 1.0 0.0 0.0 1.0 1.0 1.0 0.0 0.0 0.0 
 1.0 1.0 0.0 0.0 0.0 0.0 0.0 1.0 1.0 1.0 1.0 2.0 4.0 1.0 0.0 1.0 0.0 0.0 1.0 1.0 1.0 0.0 0.0 0.0 
 1.0 1.0 1.0 0.0 0.0 0.0 0.0 1.0 1.0 0.0 1.0 5.0 4.0 1.0 0.0 1.0 0.0 0.0 1.0 1.0 1.0 0.0 0.0 0.0 
